
state={
	id=437
	name="STATE_437"

	history={
		owner = RAJ
		buildings = {
			infrastructure = 4
			industrial_complex = 1

		}
		victory_points = {
			7205 10 
		}

	}

	provinces={
		1199 1949 2036 2105 4106 4410 4950 4953 5040 5096 7080 7205 7938 8076 10332 10801 10807 10816 11993 11995 12080 12799 12854 16610 16617 16618 16620 16625 16626 16627 16628 16635 16637 16639 16642 16646 16651 16652 16653 16655 16656 16659 16660 16662 16663 16666 16669 16673 16674 16675 16676 16677 16682 16684 16685 16686 16687 16688 16691 16693 16695 16698 16701 16703 16704 16706 16707 16708 16709 16710 16711 16715 16717 16719 16722 16724 16725 16726 16730 16731 16732 16735 16737 16740 16741 16744 16749 16751 16753 
	}
	manpower=8402500
	buildings_max_level_factor=1.000
	state_category=city
	local_supplies=0.000
}
