
state={
	id=438
	name="STATE_438"

	history={
		owner = RAJ
		victory_points = {
			12137 10 
		}
		victory_points = {
			4045 5 
		}
		buildings = {
			infrastructure = 5
			industrial_complex = 1

		}

	}

	provinces={
		1377 1569 1983 2005 4045 4299 5055 5086 7064 7334 8082 8114 9951 9973 10751 10794 11955 12137 12777 12786 16255 16262 16277 16281 16282 16285 16286 16289 16291 16295 16298 16301 16302 16303 16312 16313 16315 16319 16321 16324 16326 16327 16330 16331 16332 16336 16337 16339 16340 16341 16342 16345 16346 16349 16350 16351 16352 16354 16355 16359 16361 16362 16363 16364 16365 16366 16368 16370 16371 16372 16373 16374 16375 16376 16377 16378 16379 16380 16381 16382 16383 16384 16385 16386 16387 16789 
	}
	manpower=33491000
	buildings_max_level_factor=1.000
	state_category=rural
	local_supplies=0.000
}
